%YAML:1.0
---
rotation: !!opencv-matrix
   rows: 3
   cols: 3
   dt: d
   data: [ 9.9986277664350975e-01, -9.8094327224268474e-03,
       -1.3349266361681059e-02, 9.6366951867612391e-03,
       9.9986979492389949e-01, -1.2943233935797535e-02,
       1.3474494001942366e-02, 1.2812815010898641e-02,
       9.9982711994768780e-01 ]
translation: !!opencv-matrix
   rows: 3
   cols: 1
   dt: d
   data: [ -5.3723802773230835e-02, -8.8963733191070853e-04,
       -3.4890047732496175e-03 ]
essential: !!opencv-matrix
   rows: 3
   cols: 3
   dt: d
   data: [ 2.1635062612226722e-05, 3.4771517285570402e-03,
       -9.3464253634551288e-04, -2.7646249420743884e-03,
       7.2257830420682833e-04, 5.3761090653452276e-02,
       3.7179534129066106e-04, -5.3725534498957069e-02,
       6.8348374150560369e-04 ]
fundamental: !!opencv-matrix
   rows: 3
   cols: 3
   dt: d
   data: [ 1.7305558851478161e-08, 2.7833025229695505e-06,
       -8.4370981011896670e-04, -2.1975248315710655e-06,
       5.7476694794563864e-07, 1.6292435397017021e-02,
       1.5417388414107455e-03, -4.8842761011293145e-02, 1. ]
