%YAML:1.0
---
cameraMatrix: !!opencv-matrix
   rows: 3
   cols: 3
   dt: d
   data: [ 1.0668830358237074e+03, 0., 9.4745744468454029e+02, 0.,
       1.0736104064846277e+03, 5.6465850357770478e+02, 0., 0., 1. ]
distortionCoefficients: !!opencv-matrix
   rows: 1
   cols: 5
   dt: d
   data: [ 6.4801755890336585e-02, -6.2570196947391452e-02,
       -3.4840492132607588e-03, 2.6735302300456154e-04,
       9.6130452520340245e-03 ]
rotation: !!opencv-matrix
   rows: 3
   cols: 3
   dt: d
   data: [ 1., 0., 0., 0., 1., 0., 0., 0., 1. ]
projection: !!opencv-matrix
   rows: 4
   cols: 4
   dt: d
   data: [ 1.0668830358237074e+03, 0., 9.4745744468454029e+02, 0., 0.,
       1.0736104064846277e+03, 5.6465850357770478e+02, 0., 0., 0., 1.,
       0., 0., 0., 0., 1. ]
