%YAML:1.0
---
depthShift: -1.8876329560191540e+00
