%YAML:1.0
---
cameraMatrix: !!opencv-matrix
   rows: 3
   cols: 3
   dt: d
   data: [ 3.7129579405595797e+02, 0., 2.4654869686524805e+02, 0.,
       3.7103145593558304e+02, 2.0186811461896238e+02, 0., 0., 1. ]
distortionCoefficients: !!opencv-matrix
   rows: 1
   cols: 5
   dt: d
   data: [ 8.0327783148160081e-02, -1.4782021967758022e-01,
       -4.0823106293659652e-03, -9.5997579073340139e-03,
       -2.9629912780949647e-02 ]
rotation: !!opencv-matrix
   rows: 3
   cols: 3
   dt: d
   data: [ 1., 0., 0., 0., 1., 0., 0., 0., 1. ]
projection: !!opencv-matrix
   rows: 4
   cols: 4
   dt: d
   data: [ 3.7129579405595797e+02, 0., 2.4654869686524805e+02, 0., 0.,
       3.7103145593558304e+02, 2.0186811461896238e+02, 0., 0., 0., 1.,
       0., 0., 0., 0., 1. ]
